1
-40	0	0	1
4
3	0	0	0	0	0	1	0	0.5	0xFF0000	0.5	0.5	50
2	-40	0	20	0	0.8	0.6	3	0	0xB50D37	0.5	0.5	50
1	0	0	0	-1	0	0	0	-100	0x971FF9	0.5	0.5	50
0	40	20	-15	0	0	0	5	0	0x0000FF	0.5	0.5	50
0	35	-10	-15	0	0	0	5	0	0xB50D37	0.5	0.5	50
0	30	5	-15	0	0	0	5	0	0x256F30	0.5	0.5	50
0	40	15	-25	0	0	0	5	0	0x971FF9	0.5	0.5	50
0	35	-10	-25	0	0	0	5	0	0xB50D37	0.5	0.5	50
0	30	5	-25	0	0	0	5	0	0x256F30	0.5	0.5	50
0	40	15	-35	0	0	0	5	0	0x971FF9	0.5	0.5	50
0	35	-10	-35	0	0	0	5	0	0xB50D37	0.5	0.5	50
0	30	5	-35	0	0	0	5	0	0x256F30	0.5	0.5	50
0	40	15	-5	0	0	0	5	0	0x971FF9	0.5	0.5	50
0	35	-10	-5	0	0	0	5	0	0xB50D37	0.5	0.5	50
0	30	5	-5	0	0	0	5	0	0x256F30	0.5	0.5	50
0	40	15	15	0	0	0	5	0	0x971FF9	0.5	0.5	50
0	35	-10	15	0	0	0	5	0	0xB50D37	0.5	0.5	50
0	30	5	15	0	0	0	5	0	0x256F30	0.5	0.5	50
0	40	15	25	0	0	0	5	0	0x971FF9	0.5	0.5	50
0	35	-10	25	0	0	0	5	0	0xB50D37	0.5	0.5	50
0	30	5	25	0	0	0	5	0	0x256F30	0.5	0.5	50
0	40	15	35	0	0	0	5	0	0x971FF9	0.5	0.5	50
0	35	-10	35	0	0	0	5	0	0xB50D37	0.5	0.5	50
0	30	5	35	0	0	0	5	0	0x256F30	0.5	0.5	50
0	40	15	5	0	0	0	5	0	0x971FF9	0.5	0.5	50
0	35	-10	5	0	0	0	5	0	0xB50D37	0.5	0.5	50
0	30	5	5	0	0	0	5	0	0x256F30	0.5	0.5	50
0	40	15	45	0	0	0	5	0	0x971FF9	0.5	0.5	50
0	35	-10	45	0	0	0	5	0	0xB50D37	0.5	0.5	50
0	30	5	45	0	0	0	5	0	0x256F30	0.5	0.5	50
0	40	15	55	0	0	0	5	0	0x971FF9	0.5	0.5	50
0	35	-10	55	0	0	0	5	0	0xB50D37	0.5	0.5	50
0	30	5	55	0	0	0	5	0	0x256F30	0.5	0.5	50
0	40	15	65	0	0	0	5	0	0x971FF9	0.5	0.5	50
0	35	-10	65	0	0	0	5	0	0xB50D37	0.5	0.5	50
0	30	5	65	0	0	0	5	0	0x256F30	0.5	0.5	50
0	40	15	75	0	0	0	5	0	0x971FF9	0.5	0.5	50
0	35	-10	75	0	0	0	5	0	0xB50D37	0.5	0.5	50
0	30	5	75	0	0	0	5	0	0x256F30	0.5	0.5	50
0	40	15	-45	0	0	0	5	0	0x971FF9	0.5	0.5	50
0	35	-10	-45	0	0	0	5	0	0xB50D37	0.5	0.5	50
0	30	5	-45	0	0	0	5	0	0x256F30	0.5	0.5	50
0	40	15	-55	0	0	0	5	0	0x971FF9	0.5	0.5	50
0	35	-10	-55	0	0	0	5	0	0xB50D37	0.5	0.5	50
0	30	5	-55	0	0	0	5	0	0x256F30	0.5	0.5	50
0	40	15	-65	0	0	0	5	0	0x971FF9	0.5	0.5	50
0	35	-10	-65	0	0	0	5	0	0xB50D37	0.5	0.5	50
0	30	5	-65	0	0	0	5	0	0x256F30	0.5	0.5	50
0	40	15	-75	0	0	0	5	0	0x971FF9	0.5	0.5	50
0	35	-10	-75	0	0	0	5	0	0xB50D37	0.5	0.5	50
0	30	5	-75	0	0	0	5	0	0x256F30	0.5	0.5	50
0	40	15	-85	0	0	0	5	0	0x971FF9	0.5	0.5	50
0	35	-10	-85	0	0	0	5	0	0xB50D37	0.5	0.5	50
0	30	5	-85	0	0	0	5	0	0x256F30	0.5	0.5	50
0	40	15	-95	0	0	0	5	0	0x971FF9	0.5	0.5	50
0	35	-10	-95	0	0	0	5	0	0xB50D37	0.5	0.5	50
0	30	5	-95	0	0	0	5	0	0x256F30	0.5	0.5	50
0	40	15	85	0	0	0	5	0	0x971FF9	0.5	0.5	50
0	35	-10	85	0	0	0	5	0	0xB50D37	0.5	0.5	50
0	30	5	85	0	0	0	5	0	0x256F30	0.5	0.5	50
0	40	15	95	0	0	0	5	0	0x971FF9	0.5	0.5	50
0	35	-10	95	0	0	0	5	0	0xB50D37	0.5	0.5	50
0	30	5	95	0	0	0	5	0	0x256F30	0.5	0.5	50
0	40	15	-115	0	0	0	5	0	0x971FF9	0.5	0.5	50
0	35	-10	-115	0	0	0	5	0	0xB50D37	0.5	0.5	50
0	30	5	-115	0	0	0	5	0	0x256F30	0.5	0.5	50
0	40	15	-125	0	0	0	5	0	0x971FF9	0.5	0.5	50
0	35	-10	-125	0	0	0	5	0	0xB50D37	0.5	0.5	50
0	30	5	-125	0	0	0	5	0	0x256F30	0.5	0.5	50
0	40	15	-135	0	0	0	5	0	0x971FF9	0.5	0.5	50
0	35	-10	-135	0	0	0	5	0	0xB50D37	0.5	0.5	50
0	30	5	-135	0	0	0	5	0	0x256F30	0.5	0.5	50
0	40	15	-105	0	0	0	5	0	0x971FF9	0.5	0.5	50
0	35	-10	-105	0	0	0	5	0	0xB50D37	0.5	0.5	50
0	30	5	-105	0	0	0	5	0	0x256F30	0.5	0.5	50
0	40	15	115	0	0	0	5	0	0x971FF9	0.5	0.5	50
0	35	-10	115	0	0	0	5	0	0xB50D37	0.5	0.5	50
0	30	5	115	0	0	0	5	0	0x256F30	0.5	0.5	50
0	40	15	125	0	0	0	5	0	0x971FF9	0.5	0.5	50
0	35	-10	125	0	0	0	5	0	0xB50D37	0.5	0.5	50
0	30	5	125	0	0	0	5	0	0x256F30	0.5	0.5	50
0	40	15	135	0	0	0	5	0	0x971FF9	0.5	0.5	50
0	35	-10	135	0	0	0	5	0	0xB50D37	0.5	0.5	50
0	30	5	135	0	0	0	5	0	0x256F30	0.5	0.5	50
0	40	15	105	0	0	0	5	0	0x971FF9	0.5	0.5	50
0	35	-10	105	0	0	0	5	0	0xB50D37	0.5	0.5	50
0	30	5	105	0	0	0	5	0	0x256F30	0.5	0.5	50
0	40	15	145	0	0	0	5	0	0x971FF9	0.5	0.5	50
0	35	-10	145	0	0	0	5	0	0xB50D37	0.5	0.5	50
0	30	5	145	0	0	0	5	0	0x256F30	0.5	0.5	50
0	40	15	155	0	0	0	5	0	0x971FF9	0.5	0.5	50
0	35	-10	155	0	0	0	5	0	0xB50D37	0.5	0.5	50
0	30	5	155	0	0	0	5	0	0x256F30	0.5	0.5	50
0	40	15	165	0	0	0	5	0	0x971FF9	0.5	0.5	50
0	35	-10	165	0	0	0	5	0	0xB50D37	0.5	0.5	50
0	30	5	165	0	0	0	5	0	0x256F30	0.5	0.5	50
0	40	15	175	0	0	0	5	0	0x971FF9	0.5	0.5	50
0	35	-10	175	0	0	0	5	0	0xB50D37	0.5	0.5	50
0	30	5	175	0	0	0	5	0	0x256F30	0.5	0.5	50
0	40	15	-145	0	0	0	5	0	0x971FF9	0.5	0.5	50
0	35	-10	-145	0	0	0	5	0	0xB50D37	0.5	0.5	50
0	30	5	-145	0	0	0	5	0	0x256F30	0.5	0.5	50
0	40	15	-155	0	0	0	5	0	0x971FF9	0.5	0.5	50
0	35	-10	-155	0	0	0	5	0	0xB50D37	0.5	0.5	50
0	30	5	-155	0	0	0	5	0	0x256F30	0.5	0.5	50
0	40	15	-165	0	0	0	5	0	0x971FF9	0.5	0.5	50
0	35	-10	-165	0	0	0	5	0	0xB50D37	0.5	0.5	50
0	30	5	-165	0	0	0	5	0	0x256F30	0.5	0.5	50
0	40	15	-175	0	0	0	5	0	0x971FF9	0.5	0.5	50
0	35	-10	-175	0	0	0	5	0	0xB50D37	0.5	0.5	50
0	30	5	-175	0	0	0	5	0	0x256F30	0.5	0.5	50
0	40	15	-185	0	0	0	5	0	0x971FF9	0.5	0.5	50
0	35	-10	-185	0	0	0	5	0	0xB50D37	0.5	0.5	50
0	30	5	-185	0	0	0	5	0	0x256F30	0.5	0.5	50
0	40	15	-195	0	0	0	5	0	0x971FF9	0.5	0.5	50
0	35	-10	-195	0	0	0	5	0	0xB50D37	0.5	0.5	50
0	30	5	-195	0	0	0	5	0	0x256F30	0.5	0.5	50
0	40	15	185	0	0	0	5	0	0x971FF9	0.5	0.5	50
0	35	-10	185	0	0	0	5	0	0xB50D37	0.5	0.5	50
0	30	5	185	0	0	0	5	0	0x256F30	0.5	0.5	50
0	40	15	195	0	0	0	5	0	0x971FF9	0.5	0.5	50
0	35	-10	195	0	0	0	5	0	0xB50D37	0.5	0.5	50
0	30	5	195	0	0	0	5	0	0x256F30	0.5	0.5	50